src,dst,length
1,45733,62.237
2,8203,142.236
3,4,44.555
3,14652,88.151
4,3,44.555
5,45700,95.473
5,45678,98.363
5,45675,51.201
6,8211,80.402
7,45677,191.474
7,29,151.465
7,175,72.338
7,45732,73.551
8,13,52.448
8,14697,82.249
9,14646,79.361
9,14685,87.708
9,40483,43.897
10,15,46.209
10,24405,53.558
11,12,39.655
11,14668,55.408
12,11,39.655
13,8,52.448
14,13718,21.843
14,16742,46.499
14,45706,56.18300000000001
15,10,46.209
16,14557,141.063
17,14637,22.899
17,16,9.361
18,45692,48.989
18,45676,36.1
18,60,116.864
19,26,10.395
20,45632,194.412
20,45627,193.112
20,216,71.846
20,130,74.85
21,191,95.626
21,221,75.396
21,236,172.94199999999998
22,401,192.195
22,27,74.983
23,293,73.376
23,143,13.166
23,480,54.393
24,63,207.807
24,45630,53.356
24,45688,47.708
25,253,60.795
25,247,61.019
25,45661,174.064
25,6437,172.153
26,19,10.395
26,45628,65.479
26,12981,128.748
27,130,195.23
27,45632,73.023
28,33,216.347
28,13649,118.927
28,45715,74.8
29,7,151.465
30,477,88.532
30,42949,76.484
30,102,39.007
31,45627,84.107
32,35,77.007
32,37834,98.89999999999999
32,37888,57.902
33,28,216.347
34,437,193.787
34,139,75.57
35,32,77.007
36,140,31.126
36,358,57.35
36,376,39.257
37,45678,51.292
37,45635,20.582
37,60,50.761
38,45704,190.44
38,410,73.627
38,23803,34.869
39,35139,45.884
39,46,65.994
39,42,145.749
39,29036,78.87100000000001
40,39473,77.997
40,39474,133.971
40,51,8.755
41,260,71.209
41,16741,48.513
41,45646,49.45
42,39,145.749
42,23449,29.147
43,42,82.72
43,46,143.4
44,39473,81.771
44,46,80.899
44,45,142.996
44,13216,132.326
45,43,85.394
45,44,142.996
46,44,80.899
46,39,65.994
46,43,143.4
47,445,8.962
47,24133,44.371
47,78,64.111
48,45,82.621
48,39473,145.94400000000002
49,50,40.042
49,51,48.409
50,49,40.042
51,40,8.755
51,54,93.168
52,58,74.274
52,54,76.696
52,65,162.986
52,57,128.08
53,27672,88.172
53,54,123.81700000000001
54,52,76.696
54,51,93.168
54,55,159.745
54,53,123.81700000000001
55,39476,161.847
55,13212,42.963
55,65,75.489
55,54,159.745
56,163,8.38
56,21758,47.519
57,53,76.384
57,52,128.08
58,52,74.274
58,22580,139.988
59,65,75.266
59,58,164.118
60,18,116.864
60,45675,48.938
60,37,50.761
61,14414,544.1610000000001
61,62,49.1
62,68,463.51500000000004
63,24,207.807
63,182,172.755
63,241,64.617
63,219,62.293
64,9762,641.0670000000001
64,66,64.993
65,55,75.489
65,59,75.266
65,13235,162.267
65,52,162.986
66,32709,15.484
67,41960,257.898
67,24645,85.67800000000001
68,5808,687.905
68,6950,52.888000000000005
69,44693,56.366
69,22513,68.177
69,31594,32.618
69,22508,81.951
70,71,36.768
70,22586,41.866
70,7035,25.336
70,7034,68.847
71,45522,39.193
71,70,36.768
71,7033,27.829
71,7032,69.59
72,299,41.364
72,253,98.75
72,402,227.347
73,7339,10.103
73,7335,43.747
73,32477,128.442
73,32476,129.335
74,20970,70.185
74,7341,33.342
74,32477,94.68
74,23074,93.282
75,45646,72.813
75,260,48.784
75,462,56.190999999999995
76,297,137.663
76,23024,7.133
76,34402,94.381
77,45635,49.184
77,313,136.982
77,349,74.304
78,124,36.249
78,100,97.727
78,47,64.111
79,34405,91.925
79,23035,9.285
79,23036,139.474
80,30088,52.067
80,23028,8.6
80,79,91.859
81,23032,8.338
81,34414,92.179
81,40703,136.647
82,32841,75.984
82,2653,80.254
82,83,166.813
82,2658,174.04899999999998
83,82,166.813
83,2729,51.383
83,7139,77.737
83,32839,79.905
84,2823,9.143
84,12905,74.719
85,23124,97.643
85,23146,92.348
85,30856,141.826
85,87,136.651
86,32508,92.922
86,23124,96.795
86,30854,139.816
86,88,139.018
87,23102,94.692
87,23101,94.705
87,85,136.651
87,4594,140.432
88,86,139.018
88,90,139.489
88,32509,94.096
88,23102,98.484
89,4626,172.183
89,8079,78.682
89,40442,34.168
89,8089,157.969
90,88,139.489
90,4647,123.071
90,24724,92.385
90,23081,97.168
91,40068,98.675
91,12391,7.591
91,92,102.712
92,14517,50.487
92,91,102.712
92,23111,98.123
93,7013,61.752
93,10859,36.064
93,7014,101.043
93,10867,97.957
94,15026,101.547
94,15025,99.445
94,96,30.724
94,23093,35.259
95,23086,100.497
95,23085,101.073
95,23097,100.794
95,30004,113.293
96,15027,101.26
96,15024,100.151
96,23116,35.499
96,94,30.724
97,15021,101.968
97,15018,36.713
97,23116,39.28
97,31043,81.85799999999999
98,6502,4.097
98,23086,101.607
98,14523,69.024
99,181,131.701
100,41260,12.038
100,45638,35.968999999999994
100,78,97.727
101,45629,7.523
101,43178,176.96200000000002
102,267,88.792
102,30,39.007
102,45702,39.409
103,10378,161.137
104,360,74.862
104,11265,198.293
105,26351,73.885
106,107,93.025
106,111,66.331
106,9089,159.938
107,106,93.025
108,109,199.25
109,108,199.25
109,149,60.934
109,151,55.982
110,161,282.953
111,151,60.589
111,112,137.916
111,106,66.331
112,111,137.916
113,39002,67.738
113,38768,102.981
113,38959,126.108
114,115,277.159
115,114,277.159
115,117,60.414
115,161,131.799
116,117,203.418
117,160,64.416
117,116,203.418
117,115,60.414
118,160,245.87
119,120,273.134
120,160,58.137
120,119,273.134
120,159,72.487
121,159,321.78700000000003
122,123,333.46700000000004
123,122,333.4669999999999
123,158,44.652
123,159,59.708
124,78,36.249
124,45682,61.662
124,24133,83.48100000000001
125,152,170.451
126,153,197.99699999999999
127,139,7.994
127,39856,77.024
128,147,53.574
128,153,204.29999999999998
128,156,329.90700000000004
129,153,237.983
130,27,195.23
130,45691,193.093
130,20,74.85
130,401,75.224
131,132,40.014
132,43162,35.414
132,131,40.014
132,43158,44.402
133,376,51.006
133,401,70.288
133,45702,37.992
133,23802,89.443
134,42663,213.513
134,42926,116.149
134,42710,108.055
134,42987,213.901
135,42720,115.891
135,42926,113.292
135,44088,215.83
135,43009,212.582
136,17607,49.203
137,41856,211.887
138,477,133.891
138,413,8.755
138,45727,38.365
139,45678,193.91
139,127,7.994
139,313,75.824
140,36,31.126
140,197,28.508
140,37227,56.342
140,302,48.327
141,45701,42.923
142,36739,175.71
142,36721,38.261
142,156,101.06099999999999
143,35034,135.123
143,23,13.166
143,469,35.711
144,255,27.115
144,44545,9.5
145,146,145.952
146,145,145.952
146,147,210.451
146,10378,55.56700000000001
146,153,69.369
147,128,53.574
147,146,210.451
147,158,49.094
148,149,240.89199999999997
149,148,240.892
149,161,122.883
149,109,60.934
150,151,198.22400000000002
151,111,60.589
151,150,198.224
151,109,55.982
152,10378,8.061
152,125,170.45100000000002
152,158,218.003
153,126,197.997
153,128,204.29999999999998
153,146,69.369
153,129,237.983
154,26714,936.5530000000001
154,36739,249.78500000000003
154,156,507.06700000000006
155,22637,8.937
155,20921,102.328
155,10700,62.614000000000004
156,142,101.061
156,154,507.067
156,128,329.907
157,45708,79.469
157,310,98.203
158,152,218.003
158,147,49.094
158,123,44.652
159,121,321.78700000000003
159,123,59.708
159,120,72.487
160,120,58.137
160,117,64.416
160,118,245.86999999999998
161,110,282.95300000000003
161,115,131.79899999999998
161,149,122.883
162,42514,63.701
162,42494,65.874
162,42504,52.397
162,42489,50.504
163,349,130.017
163,56,8.38
163,45634,72.695
164,43733,16.453
164,233,27.946
164,199,69.552
165,21725,154.002
165,22634,124.191
166,235,55.728
166,203,35.511
166,234,74.95500000000001
167,191,78.815
167,23868,66.95
168,36703,106.587
169,28781,100.85700000000001
170,35085,96.748
170,45434,6.927
170,35084,133.657
171,42520,69.801
171,42479,145.81
171,180,52.584
171,4579,51.105
172,15194,36.207
173,1406,75.008
173,29002,56.271
174,9153,5.008
174,9144,220.018
174,3044,44.653
175,402,72.519
175,7,72.338
175,362,193.345
175,6437,307.1739999999999
176,13522,10.073
176,30075,67.92
177,24113,71.462
177,2049,205.589
177,2045,118.684
178,45704,72.546
178,45667,73.095
178,45629,196.481
178,410,189.456
179,417,47.822
179,30394,104.142
179,35062,43.785
180,42524,69.188
180,42482,148.884
180,4588,54.448
180,171,52.584
181,216,192.418
181,99,131.701
181,23803,39.166
181,45627,72.25
182,63,172.755
182,45673,64.464
182,478,62.226
183,26322,73.836
183,39651,60.177
184,22911,44.439
184,220,48.052
184,355,125.392
185,24535,81.031
185,268,49.417
185,266,49.835
185,28688,67.956
186,23801,7.584
186,23025,83.301
187,268,48.227
187,24534,50.866
187,7128,198.606
188,20337,206.133
188,326,77.967
188,335,70.82
189,25010,68.759
189,271,82.456
190,13199,42.835
190,6892,48.151
191,274,101.512
191,21,95.626
191,167,78.815
191,236,77.192
192,27860,78.889
192,27908,79.214
192,193,100.79
193,9267,18.668
193,27910,70.136
193,192,100.79
194,27909,37.918
194,27897,62.565
194,198,124.922
195,309,175.43
195,399,59.855
195,45658,64.249
196,45325,16.427
196,45327,33.287
197,45719,58.959
197,383,89.587
197,140,28.508
197,5053,73.94399999999999
198,28311,39.004
198,194,124.922
199,164,69.552
199,3954,22.887
200,24521,18.252
200,24518,44.613
200,24496,179.55200000000002
201,27573,252.035
201,28309,101.096
202,204,13.731
202,11765,131.639
203,32491,35.37
203,6889,29.436
203,166,35.511
204,205,46.855
204,9643,12.523
205,33293,46.421
205,11769,131.41
206,239,48.248
206,24534,51.942
206,307,125.68100000000001
207,228,53.542
207,265,41.124
207,35063,37.474
208,11765,7.745
208,11769,50.225
208,204,131.786
209,4698,142.181
209,15806,9.375
210,214,35.223
210,16736,35.922
211,34402,133.85
211,297,95.39
211,34399,222.832
212,27887,36.086
212,24497,49.45
212,428,177.653
212,23343,51.131
213,209,12.213
213,11909,34.298
214,16736,14.759
214,215,8.746
215,40390,8.11
215,33065,15.722
216,433,193.463
216,181,192.418
216,23804,39.146
216,20,71.846
217,261,8.123
217,35085,85.44
217,22609,26.144
218,20380,74.179
218,20362,92.974
218,425,90.065
219,386,200.926
219,478,174.925
219,63,62.293
219,45674,61.673
220,184,48.052
220,307,47.385
220,239,125.447
221,21,75.396
221,167,99.711
222,6895,52.927
222,395,79.10900000000001
223,1793,41.48
223,38763,35.777
223,224,44.431000000000004
224,38763,38.562
224,38762,20.521
224,223,44.431000000000004
225,3520,8.796
225,259,76.222
225,3558,83.773
226,472,50.213
226,241,63.959
226,35011,194.917
226,12981,97.131
227,1412,180.921
227,34392,37.826
228,32682,43.941
228,238,38.395
228,207,53.542
229,381,28.301
229,44526,79.604
229,37225,27.732
230,32680,61.147
230,3958,29.39
231,28688,68.456
231,7127,67.727
231,6571,142.043
232,45704,197.509
232,45629,71.448
233,164,27.946
233,43731,7.978
233,35061,52.287
234,6895,40.274
234,32502,70.344
234,166,74.955
235,166,55.728
236,285,98.157
236,191,77.192
236,21,172.94199999999998
236,45712,107.07000000000002
237,428,46.801
237,24521,52.118
237,257,177.952
238,228,38.395
238,32681,25.527
238,35063,52.208
239,355,48.02
239,206,48.248
239,220,125.447
240,28770,72.035
240,28773,107.187
240,6568,198.887
241,226,63.959
241,63,64.617
241,45628,215.618
241,45673,172.063
242,23797,7.148
242,23021,9.459
243,34,72.004
243,362,192.831
244,26132,7.513
244,245,47.304
244,43013,141.61599999999999
245,40875,21.692
246,31650,49.123000000000005
247,25,61.019
247,15357,61.394
247,309,174.151
247,45711,63.784
248,12234,9.362
248,12231,46.882999999999996
249,3520,74.544
249,40729,50.302
249,259,9.176
250,12228,51.548
250,30199,7.179
251,23275,7.762
251,32685,236.458
252,40490,105.196
253,72,98.75
253,25,60.795
253,6437,112.07
253,262,173.90800000000002
254,242,46.01
254,23795,7.439
255,12580,131.108
256,3938,47.24
256,27660,30.404
256,4004,71.109
257,24495,49.432
257,27887,13.263
257,237,177.952
258,45708,100.415
258,310,79.752
258,20199,82.25800000000001
259,249,9.176
259,40728,222.549
259,36652,141.513
260,41,71.209
260,75,48.784
260,16742,47.839
261,217,8.123
261,45447,98.83
261,45445,41.604
262,45706,98.546
262,45661,59.678
262,253,173.90800000000002
263,15434,59.501000000000005
263,15425,175.698
264,480,64.862
264,358,33.169
264,12435,31.615
265,32250,43.015
265,32682,51.367
265,207,41.124
266,373,147.319
266,24525,50.473
266,185,49.835
267,469,134.178
267,102,88.792
267,477,39.817
267,35034,39.77
268,185,49.417
268,187,48.227
268,7129,200.836
269,35063,28.219
269,43745,34.912
269,32681,52.764
270,18543,10.882
270,513,97.937
270,18506,68.186
271,39137,72.319
272,329,70.288
272,28691,99.606
273,3684,67.678
273,3681,10.762
273,303,79.577
274,45708,97.706
274,191,101.512
274,285,83.458
274,384,76.626
275,26568,34.902
275,11329,25.588
275,17885,117.023
275,276,82.11099999999999
276,275,82.11099999999999
277,44621,120.966
277,284,32.025
277,280,93.68599999999999
278,37892,23.034
278,37844,64.02199999999999
278,31426,141.43400000000003
279,28236,7.365
279,283,36.625
279,40246,77.998
280,289,40.922
280,288,36.71
280,277,93.68599999999999
281,45703,142.85500000000002
281,439,25.633
281,44527,132.014
282,44624,30.621
282,27876,32.584
282,283,78.439
283,287,31.597
283,279,36.625
283,282,78.439
284,277,32.025
284,44624,31.549
284,288,88.187
285,45688,80.742
285,274,83.458
285,429,99.306
285,236,98.157
286,352,80.31
286,361,257.205
286,37737,158.603
287,44624,84.499
287,288,28.757
287,283,31.597
288,280,36.71
288,287,28.757
288,284,88.187
289,280,40.922
290,24475,75.162
290,325,18.562
290,24482,193.129
291,45691,46.181
292,40423,25.062
292,45072,98.70000000000002
293,24133,5.114
293,23,73.376
293,381,37.403
294,387,94.226
295,37902,221.103
295,26253,85.37200000000001
296,9543,27.656
297,76,137.663
297,211,95.39
297,396,92.628
298,37675,13.312
298,301,141.224
298,866,187.26600000000002
299,13714,36.018
299,72,41.364
299,13718,58.644999999999996
300,344,42.003
300,6568,76.387
300,7037,71.828
300,6570,144.064
301,298,141.224
301,26762,104.399
302,376,35.761
302,45719,31.332
302,140,48.327
303,3756,54.781
303,3779,68.696
303,273,79.577
304,34263,8.28
304,8309,218.36700000000002
305,8770,39.729
305,10547,56.687
305,43689,118.03999999999999
306,45635,74.087
306,349,53.233
306,45676,25.929000000000002
307,220,47.385
307,29746,52.359
307,206,125.68100000000001
308,8600,152.473
308,30324,33.998999999999995
309,45661,62.619
309,2952,59.9
309,195,175.43
309,247,174.151
310,258,79.752
310,44546,158.77599999999998
311,8698,142.252
311,12955,23.227
312,45677,195.32
312,243,73.328
313,77,136.982
313,163,73.454
314,11783,130.97
314,315,44.796
315,11787,129.352
315,316,12.317
316,11702,47.029
316,6448,13.367999999999999
317,12349,23.397
317,392,26.736
318,9543,40.17
318,8420,123.904
319,11809,48.742
319,9647,7.763
319,208,104.986
320,11846,46.935
320,322,12.167
321,320,8.011
321,319,89.839
322,4698,7.735
322,15806,142.194
323,11848,47.248
323,11842,9.317
323,4301,106.239
324,388,62.998
325,290,18.562
325,417,55.175
325,35061,42.155
326,467,200.094
326,476,73.569
326,188,77.967
327,11865,45.207
327,330,11.976
328,327,8.427
328,323,89.852
329,272,70.288
329,344,68.196
329,22586,231.234
330,30187,8.324
330,6447,143.84
331,8666,152.748
332,36771,37.388
333,380,36.06
334,336,21.089
334,9867,14.075
334,5439,14.419
335,20364,71.955
335,26798,75.278
335,188,70.82
336,13964,7.749
336,334,21.089
336,337,80.072
337,13908,8.475
337,5395,3.227
338,2515,186.902
338,8372,81.844
339,12557,185.542
339,16530,81.213
340,45637,117.502
340,45657,44.47
340,45692,48.531
341,32157,157.95
341,27722,63.052
342,15717,77.991
342,14044,8.56
343,346,38.172
343,45673,23.344
343,35011,63.178
344,22662,114.051
344,300,42.003
344,329,68.196
344,40930,36.706999999999994
345,13979,10.598
345,22501,92.34899999999999
345,25905,147.585
346,399,61.637
346,45705,175.036
346,343,38.172
347,6894,70.288
347,173,176.44400000000002
348,333,68.36500000000001
348,4600,67.00999999999999
349,77,74.304
349,306,53.233
349,163,130.017
350,22514,79.975
350,14035,11.844
350,345,80.478
351,22511,73.101
351,13981,9.763
351,350,78.963
352,22674,91.9
352,286,80.31
352,22681,152.333
353,22504,58.977
353,14069,11.126
353,351,85.799
354,22510,47.109
354,14003,10.769
354,353,78.432
355,22910,47.79
355,239,48.02
355,184,125.392
356,6607,37.05
356,14038,8.968
356,354,75.114
357,13997,10.13
357,356,86.026
357,9874,27.673000000000002
358,264,33.169
358,36,57.35
358,37227,29.977
358,23802,34.802
359,9873,23.159
359,14054,9.353
359,357,75.688
360,12508,72.635
360,11084,96.995
361,372,164.967
361,286,257.20500000000004
362,45677,70.083
362,437,75.651
362,243,192.831
362,175,193.345
363,12958,27.742
363,12956,11.97
364,14048,25.868
364,14052,22.338
365,14084,82.787
365,364,66.937
366,9870,25.07
366,14042,9.053
366,31046,115.25699999999999
367,29933,6.502
367,29934,106.029
367,29960,105.686
368,380,244.147
368,348,99.59899999999999
369,20608,36.117
369,13522,91.343
369,38712,89.942
370,2416,54.61
370,39713,48.835
370,2422,88.396
371,317,83.535
372,22649,121.845
372,37589,86.488
372,361,164.96699999999998
373,266,147.319
373,24521,50.158
373,24534,49.762
374,417,143.811
375,23797,139.202
376,133,51.006
376,302,35.761
376,36,39.257
377,29930,5.767
377,29971,83.29799999999999
378,23795,140.02
379,45632,6.27
379,104,72.593
379,14944,62.497
380,12962,33.04
380,368,244.147
381,229,28.301
381,293,37.403
381,44528,79.928
382,37738,82.815
382,22674,202.098
383,197,89.587
383,12436,18.741
383,439,20.983
384,274,76.626
384,157,95.829
385,32681,54.409
385,3960,31.058
386,45688,11.491
386,45712,63.737
386,219,200.926
387,5324,200.962
387,602,39.644
388,35005,16.251
388,37732,93.406
389,604,61.401
389,44494,216.112
390,1407,78.436
391,34263,88.245
391,37609,174.93099999999998
392,389,82.115
393,7127,11.997
393,15131,27.911
393,22909,150.882
394,8698,90.903
394,388,204.411
395,18362,81.088
395,32561,98.685
396,23801,137.523
396,297,92.628
396,30092,95.03
397,43737,41.039
397,32679,54.091
397,24487,41.976
398,37628,109.641
398,8652,86.903
398,35015,90.35
399,2952,174.752
399,346,61.637
399,195,59.855
400,34516,55.332
400,34512,27.106
400,34966,64.388
401,130,75.224
401,133,70.288
401,22,192.195
401,431,191.886
402,437,192.215
402,45700,74.156
402,175,72.519
402,72,227.34699999999998
403,31434,32.147
403,404,54.545
404,409,82.316
405,14763,75.838
405,408,70.47200000000001
405,14794,164.59300000000002
405,407,155.347
406,45674,174.437
406,45658,58.05
406,478,61.598
407,22581,79.92
407,405,155.347
408,405,70.47200000000001
408,14795,164.20600000000002
409,757,18.586
409,693,64.956
410,178,189.456
410,45732,73.995
410,38,73.627
411,17210,222.729
412,44011,69.237
412,419,66.736
413,445,69.875
413,138,8.755
413,469,30.056
414,37425,326.744
415,416,52.427
415,411,53.412
416,723,130.283
416,693,15.077
416,757,63.636
417,325,55.175
417,179,47.822
417,374,143.811
418,31763,51.86
418,31230,20.916
418,546,159.557
419,412,66.736
419,30394,52.038
420,390,38.4
420,28795,93.494
421,35085,47.614
421,45438,44.627
421,45445,86.905
422,423,58.131
422,385,39.167
423,32681,38.753
423,32680,40.979
423,422,58.131
423,43745,53.068
424,40377,130.772
424,33605,64.282
424,40368,503.347
425,218,90.065
426,12913,118.57
426,43828,190.29399999999998
426,427,35.945
427,10482,34.881
427,432,33.675000000000004
427,426,35.945
428,24525,52.522
428,237,46.801
428,212,177.653
429,45708,81.437
429,45630,81.545
429,285,99.306
429,20199,104.44900000000001
430,28795,314.897
430,420,228.25
431,45703,75.24900000000001
431,401,191.886
431,45691,76.19900000000001
432,427,33.675
433,216,193.463
433,232,72.694
434,14508,306.414
434,24723,171.94
435,2417,87.131
435,39713,26.315
435,2422,164.727
436,45727,42.905
436,22282,32.506
437,402,192.215
437,34,193.787
437,362,75.651
437,45678,72.215
438,454,35.554
438,21479,24.102
438,453,55.672999999999995
439,383,20.983
439,281,25.633
439,44526,102.533
440,453,22.45
440,14091,40.07
440,14099,84.94200000000001
441,33584,9.058
441,448,80.283
441,451,50.321
442,450,5.428
442,443,15.4
442,1712,33.301
443,442,15.4
444,2037,16.722
444,1712,107.819
444,449,51.263
445,47,8.962
445,45638,45.503
445,413,69.875
446,14067,66.709
446,27176,78.646
446,14098,58.706
447,448,47.466
447,449,44.059
447,451,85.953
448,458,48.158
448,441,80.283
448,447,47.466
449,450,96.351
449,447,44.059
449,444,51.263
450,451,34.53
450,442,5.428
450,449,96.351
451,450,34.53
451,441,50.321
451,447,85.95299999999999
452,27381,37.956
452,456,108.543
453,440,22.45
453,438,55.673
453,7285,167.46599999999998
454,438,35.554
455,7537,29.518
456,458,11.415
456,457,77.68100000000001
456,452,108.543
457,452,98.444
457,456,77.681
458,448,48.158
458,456,11.415
458,460,92.393
459,45705,66.563
459,35011,214.429
459,45713,152.2
460,4207,122.55000000000001
460,458,92.393
460,33586,103.56899999999999
461,1036,31.736
461,1605,183.616
462,45637,46.418
462,45700,51.955
462,75,56.191
463,11531,100.548
463,43829,15.698
463,465,50.657
464,4499,10.647
464,466,23.793
464,16041,17.331
465,463,50.657
466,464,23.793
467,326,200.094
468,26291,32.436
468,26956,195.774
469,267,134.178
469,143,35.711
469,413,30.056
470,45157,81.535
470,471,76.417
470,45195,155.649
471,470,76.417
471,26262,56.713
471,474,205.27300000000005
472,226,50.213
472,5894,18.024
472,44498,15.051
473,532,88.305
473,482,74.112
474,26293,17.733
474,471,205.27299999999997
475,26280,24.537
475,42281,149.967
476,20404,71.425
476,20405,167.265
476,326,73.569
477,30,88.532
477,138,133.891
477,45701,36.881
477,267,39.817
478,219,174.925
478,182,62.226
478,406,61.598
479,37685,142.194
480,264,64.862
480,23,54.392999999999994
480,23802,98.213
481,26908,75.694
481,42281,124.40299999999999
481,26303,102.382
482,533,91.313
482,37631,78.591
483,26380,83.637
483,37682,237.25400000000002
483,26364,288.889
484,28827,6.195
484,35738,269.823
484,3765,226.91500000000002
485,42941,115.531
485,485,47.741000000000014
486,19079,128.286
486,29323,101.093
487,32509,34.599
487,32508,104.222
487,488,61.879000000000005
488,491,48.421
488,489,5.226
488,487,61.879000000000005
489,488,5.226
490,491,7.142
491,490,7.142
491,488,48.421
491,492,52.56
492,491,52.56
493,1575,65.415
493,9288,27.797
494,12684,9.106
494,589,39.034
494,593,49.007000000000005
495,12671,5.852
495,12673,45.638
495,12658,45.634
496,10010,39.442
496,32054,82.628
496,10013,93.659
497,500,123.57300000000001
498,500,118.05399999999999
499,500,82.527
500,501,8.49
500,499,82.527
500,498,118.054
500,497,123.573
501,3844,68.32
501,40968,62.576
501,500,8.49
502,3190,9.568
502,3193,43.872
503,502,18.074
503,18435,145.618
504,503,57.451
504,18426,8.406
504,505,288.615
505,504,52.779
506,505,26.247
506,31837,10.609
507,506,28.908
507,43764,164.45899999999997
508,507,53.987
508,18464,118.204
509,508,54.265
509,18453,8.513
509,18469,120.273
510,509,54.829
510,18480,121.882
511,18327,53.951
511,18478,8.181
511,18506,125.679
512,3867,25.046
512,520,43.204
512,516,102.279
513,270,97.937
513,18494,9.778
513,511,58.230000000000004
514,513,47.817
514,10343,174.353
514,32322,9.391
515,10362,128.526
515,514,82.142
516,512,102.279
517,15082,9.225
517,10370,120.06
517,515,56.477
518,517,50.623
518,10370,171.831
519,10395,10.618
519,5963,56.158
519,10412,104.732
520,512,43.204
520,17437,24.599
520,525,97.407
521,18328,58.613
521,10445,9.573
521,10454,119.455
522,18329,53.629
522,10478,10.055
522,10510,121.221
523,18331,54.035
523,10594,120.314
524,31785,9.399
524,523,78.892
525,520,97.407
526,5107,13.721
526,17270,8.732
527,4134,23.382
527,14861,58.01
528,27803,83.795
528,529,111.879
529,11593,95.068
529,43891,67.101
529,528,111.879
530,33415,69.295
531,8731,80.007
531,9504,5.390000000000001
532,533,77.289
532,473,88.305
532,42308,39.986000000000004
533,37741,78.864
533,532,77.289
533,482,91.313
534,22190,60.395
534,21888,166.73600000000002
535,27086,52.044
535,26760,19.564
535,26737,46.317
536,18183,100.70600000000002
536,35017,44.519
536,18185,55.358000000000004
537,25084,153.282
537,17713,43.837
538,27463,138.145
538,24939,33.748
539,3064,10.509
539,34485,82.167
540,23715,77.715
540,11224,84.584
540,38479,84.182
540,22447,209.235
541,14083,123.304
542,14151,61.62
542,14143,68.373
542,39868,66.358
543,4232,6.757
543,22680,7.096
544,17735,45.18299999999999
544,15329,203.01
545,35961,47.882
545,35859,154.572
545,41696,23.756
546,31857,20.429
546,33331,31.471
546,418,159.557
547,36098,53.282
547,548,113.528
547,36125,47.337
548,36030,38.034
548,36073,33.495
548,547,113.528
549,35961,33.051
549,550,137.022
550,36073,34.622
550,35991,32.13
550,549,137.022
551,1026,64.914
551,36033,31.367
551,2297,8.156
552,1026,41.198
552,36098,47.733
552,1028,155.15200000000002
553,16055,150.248
554,36132,51.119
554,555,41.481
554,36136,102.554
555,554,41.481
556,557,5.624
556,1500,59.407
556,5547,13.928
557,556,5.624
557,1499,135.932
557,26224,85.63
558,42746,97.057
558,41373,108.495
558,2530,166.93
558,2478,173.572
559,21085,134.642
560,33400,168.109
560,33408,171.729
560,565,82.11
561,33416,143.147
561,11029,171.462
561,560,78.908
562,33330,169.079
562,33332,169.128
562,33315,76.052
563,27634,162.106
564,33422,169.67
564,561,79.617
565,4901,84.191
565,39412,78.459
566,33353,168.728
566,33340,80.929
567,34446,36.385
567,564,30.964
567,34441,70.457
568,569,227.514
568,18462,195.56
568,38237,80.246
568,3251,80.021
569,570,110.486
569,568,227.514
569,14740,80.627
569,3252,79.794
570,571,116.712
570,569,110.486
570,14744,80.51
570,3253,80.526
571,3257,81.944
571,14745,78.328
571,572,111.625
571,570,116.712
572,573,111.412
572,571,111.625
572,14748,79.292
572,3433,79.183
573,574,114.287
573,572,111.412
573,14749,78.618
573,3435,80.573
574,575,222.548
574,573,114.287
574,13753,79.915
574,14751,79.842
575,576,113.076
575,574,222.548
575,14752,77.775
575,24699,80.077
576,577,109.547
576,575,113.076
576,14754,78.022
576,3446,80.816
577,576,109.547
577,14755,77.068
577,21858,83.798
577,14758,105.46600000000001
578,5542,118.974
578,2284,110.924
578,15304,124.142
579,1140,97.512
579,1139,27.945
579,1142,28.408
580,44277,85.217
580,44286,72.336
580,581,24.597
581,44225,133.166
581,580,24.597
581,582,101.734
582,44297,111.615
582,44298,105.723
582,581,101.734
583,584,113.83
583,44232,79.483
583,16366,79.035
584,583,113.83
584,3163,79.054
585,30233,50.511
585,30226,105.733
585,24097,78.153
586,23434,7.376
586,9448,47.969
586,3540,80.475
587,3793,28.41
587,588,57.206
587,3767,224.852
588,3686,42.707
588,37329,220.373
588,587,57.206
589,494,39.034
589,12688,9.204
589,6558,80.855
590,2975,46.099
590,12687,45.672
590,31928,116.54500000000002
591,12702,48.283
591,592,105.323
591,31926,45.379
592,591,105.323
592,12660,51.943
592,2959,49.313
593,31920,43.642
593,12706,105.314
593,494,49.007000000000005
594,45479,25.548
594,45481,10.863
594,595,99.256
595,594,99.256
595,12056,19.938
595,596,84.993
596,45485,112.611
596,45487,39.499
596,595,84.993
597,12126,106.347
597,42920,94.452
597,598,41.271
598,597,41.271
598,4656,94.505
598,4653,108.66199999999999
599,41379,6.406
600,746,113.921
600,701,132.88000000000002
601,37149,9.065
601,25691,84.42899999999999
602,37733,53.587
603,371,57.379
603,39953,351.17900000000003
604,16877,34.867
605,3634,52.542
606,12444,168.412
606,601,13.776
607,605,50.419
607,11767,340.902
608,22475,85.431
608,41966,107.073
609,27278,29.868
610,44816,61.808
610,6708,12.177
610,9130,118.635
611,11123,64.115
611,23419,11.568
611,11124,228.41699999999997
612,22526,165.25099999999998
612,614,148.365
612,10222,175.12199999999996
613,5581,62.995
613,42803,14.948
613,5576,80.424
614,21518,98.91900000000001
614,612,148.36499999999998
615,616,16.1
615,618,42.732
615,617,28.929
616,615,16.1
617,615,28.929
618,5816,95.187
618,615,42.732
618,5824,36.004000000000005
619,5567,35.261
619,42789,151.715
619,38432,87.757
619,5576,112.62599999999999
620,621,56.614
621,15248,62.925
621,626,20.6
621,620,56.614
622,15192,43.093
622,36225,166.605
622,623,72.788
623,622,72.788
624,27014,84.062
624,40702,58.28
624,625,109.029
625,41923,12.154
625,15253,100.063
625,624,109.029
626,621,20.6
626,627,76.688
626,15237,39.539
627,6116,51.025
627,626,76.688
627,40702,71.723
628,17982,29.744
628,629,13.487
629,17971,34.206
629,628,13.487
630,6301,63.881
630,1186,127.84400000000001
631,34881,94.613
632,634,12.035
632,631,59.9
633,631,14.829
633,634,66.83
634,38158,81.434
634,34880,120.473
635,32413,65.016
636,8532,55.993
636,34666,26.234
636,637,82.004
637,636,82.004
637,12172,18.127
637,12173,111.238
638,639,64.505
639,34668,51.895
639,39390,55.198
639,638,64.505
640,8607,55.898
640,642,131.804
640,8616,21.077
641,16913,45.822
641,642,62.162
642,640,131.804
642,641,62.162
642,643,45.76
643,34668,42.489
643,642,45.76
643,8607,128.399
644,882,7.76
644,878,25.488
645,8251,23.349
645,45431,4.613
645,646,27.685
646,645,27.685
647,31992,8.749
647,17663,58.047
648,647,7.688
648,36770,130.102
649,10408,31.188
649,19244,9.545
649,10471,116.134
650,652,123.881
650,16826,8.326
651,1372,397.077
651,7095,443.024
652,3143,62.039
652,16797,124.196
653,19382,32.999
653,34477,91.88400000000001
654,656,10.976
654,655,15.273
655,22113,56.83
655,656,14.465
656,654,10.976
656,685,66.277
656,681,220.567
657,679,157.339
657,9447,52.809999999999995
657,9446,96.07300000000001
658,14176,108.162
658,14175,81.41
658,659,53.457
658,31534,58.879
659,663,82.057
659,662,49.738
659,658,53.457
659,664,103.94800000000001
660,6536,7.672
660,43113,52.519000000000005
661,682,31.118
661,662,71.978
661,665,92.793
662,665,59.06
662,661,71.978
662,659,49.738
662,663,127.49700000000001
663,659,82.057
663,14175,50.07
663,662,127.497
664,665,66.818
664,45163,10.339
664,659,103.94800000000001
665,662,59.06
665,664,66.818
665,661,92.793
666,14176,44.579
666,45163,63.436
666,671,72.511
667,24715,58.31
667,16803,124.618
668,34628,75.876
668,683,175.114
668,9447,25.493
669,672,118.736
670,673,84.694
670,672,156.067
670,9447,126.18599999999999
671,14172,92.89599999999999
671,44648,714.6500000000001
671,666,72.511
672,669,118.73599999999999
672,670,156.067
672,21631,100.059
673,670,84.694
674,684,52.557
674,41237,230.881
675,676,102.697
675,679,79.872
675,39211,113.1
676,677,62.054
676,675,102.697
676,680,94.401
677,676,62.054
678,30027,35.25
678,21630,631.0889999999999
679,686,86.452
679,683,90.492
679,657,157.339
679,675,79.872
680,676,94.401
681,9446,175.00500000000002
681,656,220.567
681,686,133.554
682,33992,19.706
682,661,31.118
683,679,90.492
683,21632,93.293
683,668,175.114
684,674,52.557
684,40052,151.289
685,39211,87.298
685,686,182.32
686,679,86.452
686,9446,122.854
686,685,182.32
686,681,133.554
687,690,19.098
687,41320,224.507
688,21042,138.884
688,24777,23.677
688,653,541.03
689,4895,149.46699999999998
689,36814,230.61199999999997
689,22112,135.19400000000002
690,37597,51.293
691,4890,119.172
691,23410,52.386
691,28661,75.362
691,4893,119.594
692,708,11.642
692,41315,158.16
692,706,31.389
693,416,15.077
693,411,43.129
694,34454,55.22
694,3721,37.288
694,34050,79.03299999999999
695,3721,30.083
695,34055,8.4
696,34055,5.153
696,695,8.608
697,41287,116.733
697,706,52.262
697,722,61.68
698,699,50.198
698,14699,34.888000000000005
699,44881,350.444
700,5992,79.982
700,32335,27.635
700,20600,63.991
701,27484,42.275000000000006
702,7681,18.062
702,44878,41.156
703,705,79.353
703,8764,212.673
703,37727,81.616
703,37726,37.933
704,722,60.974
705,3209,22.757
705,3208,28.356
705,703,79.353
706,697,52.262
706,14448,8.843
706,692,31.389
707,29634,67.415
708,692,11.642
708,27489,87.146
709,710,195.921
709,755,9.226
710,711,146.463
710,39150,79.465
710,24012,9.853
711,754,8.234
711,23866,80.56
711,712,158.525
712,753,9.014
712,713,184.46099999999998
713,714,168.253
713,23864,79.569
714,715,164.38
714,751,10.623
714,23865,77.565
715,23876,78.416
715,750,7.908
715,21381,76.996
716,23823,75.611
716,748,10.6
716,24102,111.543
717,747,7.006
717,44782,70.13900000000001
718,16842,78.393
718,16826,124.785
719,720,24.421
719,33771,207.66900000000004
720,743,9.975
720,36350,160.317
721,741,9.39
721,172,130.41199999999998
722,41296,87.122
722,697,61.68
722,704,60.974
723,416,130.283
723,727,60.693
723,767,13.917
724,799,118.319
724,767,165.589
725,7318,33.332
725,25908,11.716
726,35362,9.199
726,20655,279.479
727,795,29.916
727,723,60.693
727,757,122.258
728,729,122.805
728,43945,122.315
729,730,124.399
729,25750,136.473
730,731,111.754
730,43942,124.535
731,25809,130.051
731,13281,158.07
732,44075,100.486
732,43937,122.106
733,734,101.869
733,43936,122.911
734,25830,120.364
734,735,117.87
735,848,114.19
735,17233,126.669
736,25916,126.652
736,737,59.397000000000006
737,29906,108.515
737,738,61.273
738,14958,32.686
738,25912,108.4
738,739,122.26599999999999
739,25911,108.779
739,25923,122.35
740,767,20.873
740,415,120.13
741,759,257.432
741,742,203.249
742,45580,7.385
742,37699,248.946
742,36349,162.397
743,744,23.248
743,1157,229.459
744,874,25.608
744,719,9.891
745,35403,178.58499999999998
745,34197,137.237
746,27341,118.4
747,23816,87.061
747,24101,113.777
748,716,10.6
748,23818,67.377
748,749,101.78399999999999
749,21381,9.176
749,23820,75.459
749,750,78.05600000000001
750,715,7.908
750,23969,81.46
750,751,164.20799999999997
751,23968,77.554
751,714,10.623
751,752,167.883
752,713,8.858
752,753,184.084
753,23966,77.424
753,754,158.554
754,23965,79.537
754,711,8.234
754,24012,147.498
755,23960,75.533
755,756,112.244
756,42289,8.989
756,23885,84.846
756,11717,48.637
757,727,122.258
757,414,160.773
758,27484,135.351
758,21151,270.91200000000003
759,29900,116.047
759,37690,77.126
760,44203,127.101
760,761,49.406
760,37692,154.195
761,37694,125.245
761,37693,60.028999999999996
762,34060,118.68900000000001
763,5339,244.768
764,35000,80.258
764,817,11.781
765,26180,142.432
766,799,87.17
766,740,184.23399999999998
767,723,13.917
767,740,20.873
767,724,165.589
768,42639,65.852
768,769,38.49
769,41591,127.813
769,770,123.502
770,771,121.482
771,772,124.33700000000002
771,41579,127.056
772,44472,3.934
772,773,121.15
773,41594,124.687
773,774,123.863
774,775,122.776
774,41595,124.825
775,42650,70.823
775,40437,120.907
776,44846,13.577
776,44845,177.45
776,10159,218.61900000000003
777,44477,4.256
777,778,110.55000000000001
778,41599,126.75
778,779,134.111
779,780,122.702
779,41600,124.753
780,781,123.39
781,3121,79.447
781,782,119.48599999999999
782,41603,122.54299999999999
782,783,124.36
783,44484,6.769
783,784,122.91300000000001
784,41605,119.111
784,785,122.793
785,41606,122.309
785,786,157.49199999999996
786,5775,61.771
786,787,158.088
787,5777,96.479
787,39621,139.118
788,2218,82.537
788,789,202.29
789,2217,109.73599999999999
789,790,37.121
790,9710,35.118
791,21807,91.856
791,27718,10.447
791,1481,58.685
792,44846,38.267
792,44861,53.273
792,27444,95.289
793,794,39.002
793,44846,51.361
793,27718,86.745
794,796,45.554
794,793,39.002
794,35773,82.339
795,41561,11.633
795,727,29.916
795,724,95.36
796,44853,48.158
796,794,45.554
796,27724,80.817
797,764,16.209
797,44551,137.17
798,16927,279.954
798,827,80.559
799,766,87.17
799,41561,225.10899999999998
800,37247,3.695
800,45729,134.59199999999998
800,8185,355.7750000000001
801,33054,120.01700000000001
801,6332,129.267
802,23647,98.105
802,33053,82.948
803,18897,188.422
803,802,231.79800000000003
804,37237,7.147
804,803,163.179
805,36685,72.94
805,40429,52.933
806,805,91.092
807,7671,111.793
807,806,88.591
808,807,142.224
809,25714,133.068
809,808,188.10599999999997
810,811,14.046
810,7154,532.583
811,37228,9.932
811,809,123.034
812,25862,101.412
812,11953,6.673
813,25865,103.926
813,812,89.91
814,19588,83.757
814,4171,61.338
814,34300,4.989
815,14014,26.938
815,764,138.128
816,1534,94.705
816,817,75.385
817,1965,80.312
817,1536,94.84
818,2351,14.863
818,23870,294.851
819,820,36.184
820,2252,91.291
820,7534,213.073
821,7818,99.589
821,23872,118.55
822,1005,62.071
822,38362,120.364
823,973,81.889
823,23874,66.801
824,9590,46.876
824,7590,70.18100000000001
824,826,91.209
825,45566,40.739
825,45570,30.421999999999997
825,45577,217.82800000000003
826,824,91.209
826,45566,35.044
826,45567,43.224999999999994
827,31636,117.202
827,828,96.169
828,31639,116.376
828,829,105.85
829,830,100.295
829,16927,13.41
830,4693,107.829
830,16933,30.738
831,23834,64.02
831,4691,109.096
832,10121,262.17100000000005
832,42591,135.358
833,4695,107.867
833,39206,99.227
834,43709,59.83
834,835,107.107
835,43614,61.1
835,23838,85.742
836,36157,10.861
836,44216,49.94799999999999
837,17438,63.368
837,17432,115.914
838,35158,9.399
838,24422,189.22500000000002
838,37979,192.88100000000003
839,35169,11.05
839,838,91.195
840,839,11.758
840,36158,44.818
841,43714,21.161
842,843,79.101
842,43712,89.331
843,33312,77.543
843,797,13.174
844,34998,80.926
844,44547,158.148
845,2129,105.065
845,2199,116.711
846,845,88.172
846,25832,117.867
847,846,62.781
847,2203,118.345
848,847,82.138
848,25830,119.523
849,14663,29.028
849,43934,121.224
850,27094,80.79
850,19145,51.585
850,879,213.347
850,881,94.486
851,863,82.123
851,866,79.603
851,37671,213.595
852,849,141.621
852,2206,120.751
853,4510,31.561
853,28149,48.475
853,4509,57.161
854,884,35.166
854,37673,211.419
854,866,78.695
854,8773,43.799
855,35071,69.587
855,11317,59.796
856,867,43.394
856,27102,175.07400000000004
856,37701,127.58500000000002
857,852,110.71
857,44014,117.214
858,2209,124.015
858,857,122.38300000000001
859,2210,123.29
859,858,9.999
860,25829,116.294
860,859,121.583
861,860,126.509
861,17234,50.315
862,34551,127.403
862,861,94.444
863,873,77.465
863,851,82.123
863,37680,212.785
864,5495,61.304
864,5535,53.622
864,38170,114.56
865,2218,138.592
865,6830,29.751
866,37672,211.986
866,851,79.603
866,854,78.695
866,298,187.26600000000002
867,37668,78.464
867,856,43.394
867,41198,121.652
867,19143,60.04900000000001
868,30377,76.838
868,37700,6.964
868,37679,212.996
869,30031,149.138
869,2217,105.178
869,1825,82.169
870,38152,13.905
870,16153,60.14
871,18053,40.251
871,38007,80.831
872,10408,52.156
872,10428,60.68
872,882,15.076
873,37669,214.607
873,40846,212.524
873,863,77.465
873,887,79.137
874,28645,21.052
874,23888,148.935
875,23105,96.774
876,889,149.221
876,28145,15.898
876,28148,30.955
877,37670,212.39
877,26723,81.26700000000001
878,26962,124.88
878,644,25.488
878,28144,48.439
879,37668,80.414
879,37669,79.866
879,887,213.826
879,850,213.347
880,12503,14.91
880,872,91.347
881,19145,93.889
881,850,94.486
882,12503,92.423
882,872,15.076
883,895,212.204
883,37725,214.183
883,37728,79.51
883,37727,77.166
884,8781,158.129
884,854,35.166
884,7282,63.580000000000005
885,27001,38.187
885,928,109.118
885,6484,49.132
886,933,381.997
886,44735,81.702
886,888,398.66499999999996
887,922,201.831
887,879,213.826
887,37702,80.646
887,873,79.137
888,886,398.66499999999996
888,931,52.843
888,933,38.855000000000004
889,893,66.574
889,876,149.221
889,21251,96.28899999999999
890,905,146.891
890,896,83.182
890,892,117.44
890,902,87.00200000000001
891,892,41.718
892,891,41.718
892,901,79.506
892,890,117.44
893,889,66.574
893,26964,181.644
893,17142,74.421
894,44722,134.832
894,899,90.581
894,44723,41.11
895,37672,214.257
895,883,212.204
895,8742,77.381
896,890,83.182
896,44722,29.446
896,901,116.214
897,31220,10.965
897,26963,15.825
898,44722,88.605
898,903,77.32
898,899,143.526
898,902,115.927
899,898,143.526
899,28659,120.33999999999999
899,894,90.581
900,32163,187.181
900,926,397.706
901,21514,33.342
901,892,79.506
901,896,116.214
902,913,69.605
902,898,115.927
902,890,87.00200000000001
903,898,77.32
903,39818,43.061
903,904,114.953
904,913,9.568
904,39816,55.805
904,903,114.953
905,908,70.658
905,890,146.891
905,906,140.622
906,905,140.622
907,23680,54.609
907,10310,50.405
907,4511,39.273999999999994
908,905,70.658
909,910,236.51899999999998
909,911,146.84199999999998
909,33739,141.38299999999998
910,909,236.51899999999998
911,912,224.635
911,40554,737.2660000000001
911,909,146.84199999999998
912,911,224.635
913,902,69.605
913,904,9.568
913,914,104.511
914,913,104.511
915,28144,6.414
915,28146,42.651
915,28152,70.3
916,39816,13.799
916,917,39.352
916,918,207.79
917,916,39.352
917,25278,52.428
918,916,207.79
919,6454,58.582
919,23683,13.976
919,10524,116.199
920,8774,106.819
921,2564,79.57
921,2525,80.853
921,45697,188.531
921,24648,38.515
922,37700,102.007
922,37681,14.711
922,887,201.831
923,10547,17.767
923,928,74.209
923,7283,211.775
924,27001,169.885
924,928,178.184
924,925,148.697
925,7283,95.728
925,8781,124.324
925,924,148.697
926,37078,173.395
926,39580,298.909
927,15320,12.866
927,25090,100.634
927,15324,141.998
928,923,74.209
928,885,109.118
928,924,178.184
929,17811,154.89
929,930,39.365
930,31781,90.063
931,25278,290.85499999999996
931,888,52.842999999999996
932,19763,56.257
932,19733,23.763
932,19715,131.365
933,888,38.855000000000004
933,886,381.99699999999996
934,2729,13.316
934,21529,167.121
935,21533,13.849
935,12350,64.519
936,21489,13.176
936,43389,194.217
937,938,12.795
937,28172,65.861
938,937,12.795
938,28174,14.51
939,940,123.646
939,38286,250.30100000000002
939,25223,384.601
940,939,123.646
940,7830,145.166
940,25223,356.687
941,36001,159.77800000000002
941,35962,222.929
941,29447,103.91900000000001
942,29447,149.26
943,40706,32.52
943,11289,19.671
