src,dst,length
1,3,260.295
1,1331,122.24000000000001
2,812,9.415
2,8652,95.865
3,1,260.295
3,5417,79.13
4,4592,83.325
4,6,31.131999999999998
4,2143,63.266000000000005
5,1630,11.204
5,1659,57.405
5,5679,261.302
6,1945,15.608
6,2143,51.414
6,4,31.131999999999998
7,4743,82.026
8,7094,241.245
8,2423,83.164
9,2372,52.522
9,2065,81.384
9,7641,146.714
10,12,193.548
10,6026,195.174
10,3086,90.175
10,3084,88.41900000000001
11,8809,94.392
11,8432,193.093
11,8820,94.745
12,13,195.50300000000001
12,10,193.548
12,1453,90.01599999999999
12,1448,88.293
13,6753,195.786
13,8701,90.161
13,12,195.50300000000001
13,7912,89.845
14,8897,85.528
14,6753,114.803
14,4533,75.469
15,3735,15.157
15,8134,144.398
16,636,97.319
18,2217,209.737
18,2122,203.19099999999997
18,2742,458.98300000000006
18,19,107.84200000000001
19,20,55.79
19,18,107.842
19,3614,61.647
20,1036,16.821
20,19,55.790000000000006
20,3615,62.172
21,8447,86.626
21,1036,93.441
21,4200,86.69
21,7391,61.866
22,7139,91.66
22,2280,59.248
22,2274,303.93899999999996
23,8915,95.342
23,8723,206.45499999999998
24,7145,18.677
24,4413,196.137
24,807,74.45100000000001
25,345,29.57
25,3983,49.260999999999996
25,8914,134.81
26,8056,25.798000000000002
26,25,344.383
26,8061,89.445
27,6087,93.545
27,26,226.219
27,1496,24.336
28,33,75.06099999999999
28,8284,104.56
29,8141,148.393
29,7554,148.55499999999998
29,8911,98.863
29,9036,99.21300000000001
30,9036,98.69099999999999
30,8045,104.125
30,8143,148.49
30,8781,148.416
31,7590,105.149
31,1590,105.047
31,8145,148.182
31,6777,148.399
32,8785,148.705
32,5967,106.05
32,7041,105.19300000000001
32,8154,148.042
33,34,38.641
33,6221,82.28300000000002
34,2556,84.708
34,36,126.10499999999999
34,33,38.641000000000005
35,7755,346.932
36,5677,109.129
36,5640,66.025
36,34,126.105
37,4413,53.881
37,808,50.84400000000001
37,8632,108.659
38,6793,193.348
38,39,108.711
38,8632,109.28500000000001
39,198,193.49699999999999
39,42,108.289
39,38,108.711
40,4918,92.156
40,1375,54.47
40,4935,14.111
41,550,96.051
41,6955,61.519
42,44,108.92800000000001
42,39,108.289
42,7148,194.24800000000002
43,6097,64.243
44,2857,193.001
44,45,277.704
45,2721,193.97
45,47,89.64
45,3965,185.398
46,8721,30.995
46,43,53.003
47,48,49.601000000000006
48,2859,191.246
48,7775,136.86700000000002
49,2863,191.564
49,50,277.04
50,2864,192.05
50,9479,163.566
50,5778,276.179
51,5705,30.995
51,55,47.760000000000005
51,4490,136.721
52,54,70.555
52,2866,191.073
53,3099,51.954
54,2868,191.321
54,3513,127.442
54,8714,138.01
55,51,47.76
55,4602,148.34699999999998
55,8156,196.042
56,58,72.478
56,2872,191.518
57,2778,79.685
57,4602,66.846
57,6415,153.917
58,59,138.067
59,60,190.923
59,2880,191.25099999999998
60,7256,54.397
60,9481,194.192
61,63,22.944
61,2884,191.47500000000002
62,6409,60.356
63,64,51.473
63,2203,193.83100000000002
64,66,149.584
64,2885,191.47299999999998
65,9002,11.86
65,83,87.35
65,9029,36.304
66,5225,68.328
66,1399,72.944
66,68,97.082
67,69,9.187
68,70,96.54400000000001
68,66,97.082
69,67,9.187
69,6745,101.36800000000001
70,1400,75.536
70,68,96.54400000000001
70,7378,134.03900000000002
70,71,107.73799999999999
71,4029,41.88599999999999
71,70,107.738
72,74,62.316
72,5797,506.35799999999995
73,3928,99.22100000000002
73,7328,104.429
73,4076,672.115
74,5796,2.956
74,84,9.589
74,76,25.459000000000003
75,77,81.916
75,2301,99.383
75,6639,94.131
76,84,24.271
76,2160,148.632
76,81,239.65800000000002
77,4940,142.255
77,75,81.916
77,6638,70.104
77,2302,95.733
78,4940,63.501
78,5991,266.178
78,947,106.549
79,7549,83.279
79,7545,58.881
79,7422,131.558
79,9155,79.00899999999999
80,2061,16.586
80,945,21.298000000000002
80,953,248.452
81,76,239.65800000000002
81,7874,103.225
82,1522,34.914
82,892,110.213
82,1525,40.559
83,65,87.35000000000001
83,7637,201.25199999999998
83,1668,405.2180000000001
84,74,9.589
84,745,175.233
85,1474,50.98
85,86,133.743
85,361,94.34799999999998
86,85,133.743
87,89,127.10099999999998
87,4945,111.389
88,4277,66.209
89,87,127.101
89,3599,97.497
89,8542,207.72299999999998
89,5642,207.97
90,91,66.6
90,3360,65.773
91,90,66.6
92,1329,129.74
93,90,9.953
93,92,149.319
94,7895,11.619
94,6835,152.48999999999998
94,6590,133.403
94,6836,107.022
95,387,24.832
95,7826,144.826
96,99,74.673
96,3203,59.929
96,2429,65.58200000000001
97,4810,13.73
97,5288,31.155
98,100,9.93
98,5712,297.488
99,96,74.673
100,98,9.93
100,2205,103.237
101,5500,92.895
101,1110,92.887
102,7634,389.216
103,1648,14.778
103,1644,56.931
104,515,20.516
104,1635,59.983
104,975,71.956
105,757,26.785
105,756,34.451
105,2602,133.402
106,1274,399.0200000000001
106,4648,666.3179999999999
106,4532,155.17499999999998
107,1249,275.3469999999999
107,391,83.498
108,9540,177.391
108,5616,107.89600000000002
109,938,81.00899999999999
109,5159,57.81100000000001
109,5158,79.168
110,4903,6.921
110,7309,110.07499999999999
110,5616,34.711
111,4903,12.245
111,110,14.803
111,8246,129.569
112,8320,80.79299999999999
112,2274,33.53
113,7891,98.744
113,5823,152.15400000000002
113,6317,101.76
114,2588,51.098
115,117,25.257
116,973,22.654
116,1191,53.120000000000005
117,115,25.257
117,8341,54.369
117,7815,48.071
117,864,103.137
118,194,132.892
118,7815,20.313
118,6307,68.255
119,194,62.668
119,8317,71.751
119,1371,67.77000000000001
120,8318,54.746
120,9314,54.128
120,119,160.331
121,120,138.64
121,1126,54.75
121,8319,54.486
122,900,92.767
123,150,26.958
123,1176,136.87
124,8001,127.987
124,3207,57.415
124,8321,54.805
125,6951,96.552
125,6947,73.704
126,2825,88.763
126,127,106.498
126,7257,91.43700000000001
127,126,106.498
127,775,91.49000000000001
128,974,11.129
128,973,152.12
128,1638,77.416
129,1458,43.987
129,130,35.922
130,1470,18.354
131,8964,10.993
131,4279,94.09100000000001
132,8504,13.993
132,2560,74.81099999999999
133,165,190.87900000000002
133,4772,1119.9979999999996
134,6747,10.607
134,3058,146.06500000000003
134,6743,94.92600000000002
135,3290,10.574
135,134,146.691
135,8593,94.919
136,3395,10.574
136,135,146.049
136,3394,94.87700000000001
137,5424,10.586
137,136,146.39899999999997
137,5423,41.833
138,6470,10.585
138,6469,42.092
138,137,146.439
139,7491,10.586
139,138,146.31799999999998
139,641,42.32899999999999
140,2361,10.599
140,139,146.40600000000003
140,642,42.568999999999996
141,5058,10.597
141,8596,94.66000000000001
141,140,146.202
142,8782,10.596
142,8597,94.62200000000001
142,141,146.50400000000002
143,6428,352.398
143,7634,695.946
143,7460,95.744
144,8250,22.234
144,8249,102.995
145,3704,94.296
145,7830,94.256
145,2925,207.06
145,146,137.773
146,3417,73.828
146,145,137.77300000000002
146,6428,70.35600000000001
147,594,94.196
147,3186,207.261
147,148,207.77300000000002
148,151,208.018
148,7833,94.163
148,3709,94.258
148,147,207.77300000000002
149,1952,21.915
149,2052,24.525
150,1628,34.544999999999995
150,1630,33.454
151,3844,207.918
151,148,208.018
151,7834,94.139
151,3712,94.245
152,6873,26.4
152,3397,84.184
153,6872,125.008
153,152,28.423000000000002
153,6873,22.311
154,3470,204.534
154,7837,94.144
154,3714,94.302
154,155,207.787
155,154,207.787
155,7975,93.926
155,156,207.741
155,7971,94.29499999999999
156,5900,207.641
156,7839,94.175
156,3716,94.307
156,155,207.741
157,5124,94.196
157,3722,94.32
157,4036,207.82
157,5900,207.697
158,656,87.91199999999999
158,4479,54.481
159,160,207.285
159,4036,207.83
159,4099,94.21
159,3723,94.343
160,5707,94.222
160,3726,94.346
160,161,207.731
160,159,207.285
161,162,207.841
161,160,207.731
161,7840,94.241
161,3727,94.347
162,5103,207.786
162,161,207.841
162,1080,94.245
162,1079,94.358
163,7841,94.01200000000001
163,3728,94.62700000000001
163,164,207.823
163,5103,207.527
164,7842,94.286
164,3729,94.374
164,9266,207.329
164,163,207.823
165,6023,73.405
165,1054,247.40299999999996
166,1954,18.77
166,167,146.697
166,8082,54.789
167,7564,53.842
167,8083,53.336
168,171,74.912
168,3876,59.906
168,7958,17.508
169,170,79.214
169,8838,92.608
169,5426,10.451
170,172,27.565
170,169,79.214
170,5140,144.623
171,168,74.912
172,170,27.565
172,4605,50.416
172,1926,64.869
173,3109,162.459
173,4155,126.952
173,4151,206.55500000000004
174,5007,105.101
174,3376,105.032
174,3810,292.653
175,1348,78.082
176,4252,277.584
177,5069,68.044
177,178,106.08000000000001
177,4782,104.31200000000001
178,177,106.08000000000001
178,7192,73.833
178,4782,88.87
179,7390,31.591
179,5351,347.12
179,7389,52.126000000000005
180,181,18.368
180,8068,103.70600000000002
181,751,30.207
181,180,18.368
181,1571,74.924
181,6579,116.267
182,184,94.39
182,1758,118.766
182,8956,71.038
183,5867,48.05
183,2212,132.239
183,9486,116.51300000000002
184,190,93.253
184,182,94.39
184,3673,118.387
185,186,144.143
185,985,85.096
185,2212,142.683
185,6476,85.75799999999998
186,185,144.143
186,6477,85.324
186,986,85.523
187,6677,13.531
187,7280,139.94
187,9033,99.05699999999999
188,191,89.32499999999999
188,9464,109.042
188,3582,90.321
188,2841,117.64899999999999
189,5377,46.057
189,6478,84.615
189,5671,142.156
189,5674,225.562
190,9464,76.283
190,184,93.253
190,7862,118.018
191,1759,117.281
191,188,89.32499999999999
191,4133,108.338
192,6255,50.89
192,193,104.64099999999999
192,6253,95.155
193,7343,210.07299999999998
193,192,104.64099999999999
193,7573,95.19000000000001
193,7574,94.808
194,118,132.892
194,8343,52.542
194,119,62.668
195,2953,192.536
195,198,109.348
195,38,193.11499999999998
195,8634,109.303
196,3815,94.384
196,9506,103.511
196,3435,101.684
196,7803,99.296
197,3436,100.541
197,3787,94.533
197,3815,94.129
197,3178,103.96
198,4620,385.207
198,195,109.34799999999998
198,199,110.062
199,2155,59.733000000000004
199,2857,107.336
199,198,110.062
199,3057,192.315
200,8415,94.469
200,2103,103.805
200,9069,99.49900000000001
201,7787,9.502
201,9558,101.732
202,203,104.596
202,6312,104.508
203,204,104.266
203,6097,102.223
204,6314,104.494
204,205,104.40200000000002
205,9338,145.86200000000002
205,8917,96.98600000000002
205,6316,104.47699999999999
206,208,135.78300000000002
206,8920,99.53999999999999
207,2468,10.479
207,6264,207.92200000000003
207,663,85.179
208,210,46.458
208,6574,99.081
209,2204,19.525
209,6480,137.30600000000004
210,212,95.52499999999999
211,8278,112.334
211,4503,87.96699999999998
212,8923,99.111
212,5175,391.153
212,213,144.93600000000004
213,216,148.028
213,2239,47.656
213,1970,106.508
214,3046,139.662
214,491,104.81
215,9381,6.916
215,5638,19.93
216,6325,104.53099999999998
216,5858,99.439
216,9408,80.533
217,8928,99.356
217,6327,104.298
217,218,146.205
218,219,146.42999999999998
218,6328,104.57900000000001
218,8929,99.286
219,8933,99.211
219,6329,104.899
219,220,146.455
220,221,146.375
220,6330,104.785
220,8937,99.133
221,8940,99.053
221,6331,104.501
221,223,146.351
222,3991,30.839
223,6038,98.994
223,6332,104.55699999999999
223,6681,139.46100000000004
224,308,100.53200000000001
224,9102,140.232
225,4391,142.44
225,6481,84.523
225,976,85.957
226,6345,104.583
226,6461,99.32600000000001
226,5409,146.52
226,227,146.253
227,228,146.362
227,226,146.25300000000001
227,6348,104.536
227,8909,99.357
228,229,146.14499999999998
228,6349,104.359
228,7548,99.411
228,227,146.362
229,7550,99.34
229,6351,104.406
229,230,146.583
229,228,146.14499999999998
230,8627,99.28299999999999
230,6352,104.441
230,1119,148.735
230,229,146.583
231,7483,57.62499999999999
231,886,96.61599999999999
231,8804,73.084
232,8867,99.09200000000001
232,6358,103.052
232,234,146.441
232,8138,146.155
233,323,6.761
233,2724,31.081
234,8799,99.016
234,6359,103.166
234,235,123.951
234,232,146.44099999999997
235,234,123.951
235,6361,103.26599999999999
235,8912,98.976
235,7063,149.696
236,6516,146.249
236,6363,104.444
236,8671,99.16499999999999
236,7063,146.47899999999998
237,239,146.356
237,6516,146.418
237,6365,104.69999999999999
237,2683,99.283
238,4169,40.942
238,4584,73.29599999999999
238,8976,71.63399999999999
238,4171,125.89800000000001
239,237,146.356
239,1357,99.341
239,6368,104.13400000000001
239,240,146.327
240,241,211.6
240,7980,98.889
240,6373,104.34799999999998
240,239,146.327
241,240,211.6
241,4332,32.708
241,6383,105.21799999999999
242,244,7.383
242,3093,12.149999999999999
243,8171,41.554
244,7496,122.727
244,3004,21.630000000000003
245,242,10.514
245,244,9.865
246,3093,21.508
246,242,24.476
247,7293,12.793
247,2011,72.30499999999999
248,249,140.565
248,1693,81.735
248,4256,83.094
248,5517,290.835
249,1691,81.699
249,248,140.565
249,4256,203.128
249,250,114.068
250,249,114.068
251,7486,105.399
251,2382,190.40200000000002
251,6648,8.458
252,4479,28.304000000000002
252,4550,33.679
253,6362,117.672
253,6361,31.65
253,2049,49.389
254,257,251.06200000000004
254,7486,131.1
255,256,12.981000000000002
256,1704,120.975
256,438,10.651
257,3924,34.021
257,254,251.06199999999998
258,8092,161.664
258,9141,53.867999999999995
259,9085,12.322
260,8328,78.56
260,261,84.777
260,8241,82.571
261,260,84.777
261,2664,160.111
261,262,87.61800000000001
262,8316,83.305
262,3393,73.593
262,261,87.61800000000001
263,1155,51.67100000000001
264,7974,58.616
265,992,149.437
265,266,146.14600000000002
265,8480,154.214
266,8680,76.06
266,265,146.14600000000002
266,5201,65.72200000000001
267,752,61.385
267,2491,34.753
268,1112,85.061
268,6562,85.39999999999999
268,269,202.538
268,5261,202.194
269,1114,85.846
269,6560,85.37
269,270,203.22
269,268,202.53799999999998
270,1115,85.879
270,6561,86.169
270,9292,46.61000000000001
270,269,203.22
271,272,79.081
271,5446,80.468
271,1204,216.353
271,1339,157.625
272,271,79.081
272,273,78.139
272,1611,108.795
272,4741,153.44
273,272,78.139
273,6769,79.75
273,1612,138.436
274,1613,196.165
274,6769,78.684
275,3965,12.695
275,2725,10.495
276,3958,8.299
276,4408,13.759
276,5877,13.004999999999999
276,7365,20.492
277,315,35.036
277,5892,40.53
278,8740,65.277
278,6779,31.700000000000003
279,6315,30.816000000000003
279,2938,337.284
279,4928,61.966
280,7745,74.706
280,6000,264.623
280,3785,242.08199999999997
281,284,191.428
281,5138,59.614
281,897,67.858
282,4504,12.742
282,4014,72.023
283,3744,13.402
283,3016,40.785000000000004
284,5139,59.108
285,2446,77.007
285,2445,94.074
285,5520,120.474
285,288,184.28199999999998
286,3778,10.905
286,8715,16.393
286,8719,176.658
287,2949,36.577
288,7445,261.137
288,285,184.28199999999998
288,4567,94.919
288,8283,89.99199999999999
289,4087,94.153
289,4453,109.543
289,7368,211.423
290,7895,145.668
291,294,130.981
291,4016,23.871
291,526,118.274
291,8996,159.58
292,293,179.76000000000002
293,4813,207.634
293,292,179.76000000000002
293,7542,94.17500000000001
293,1642,94.27300000000001
294,291,130.981
294,296,91.79299999999999
294,1002,140.234
294,8222,140.445
295,9341,146.353
295,738,53.182
296,6538,140.237
296,8223,140.757
296,297,91.32400000000001
296,294,91.79299999999999
297,1475,140.79
297,298,91.441
297,296,91.32400000000001
298,8228,140.585
298,6528,140.069
298,4966,91.28300000000002
298,297,91.441
299,9304,90.987
299,6201,140.21
299,301,276.59999999999997
300,8755,200.643
300,3440,204.507
300,4513,93.957
300,1646,94.161
301,299,276.59999999999997
301,302,92.745
301,6308,145.429
301,8230,166.002
302,9063,139.839
302,303,30.148
302,301,92.745
303,7198,121.721
303,302,30.148
303,305,60.847
304,2176,94.191
304,1649,94.271
304,2294,96.373
304,1308,200.67600000000002
305,6309,139.758
305,307,182.80999999999997
305,303,60.847
306,1658,8.953
306,6332,140.85399999999998
307,8699,139.849
307,8231,141.634
307,309,91.162
307,305,182.80999999999997
308,6334,8.729
308,6337,140.686
309,8232,140.733
309,307,91.162
309,4298,231.029
309,8699,228.762
310,312,50.836
310,2555,269.53600000000006
310,2552,141.36700000000002
311,3091,33.816
311,3284,45.797
312,310,50.836
313,314,62.147000000000006
313,7124,48.976
313,6429,96.07
314,316,150.598
314,1602,90.98
314,313,62.147000000000006
315,4423,65.006
316,314,150.598
316,1604,92.231
317,7575,145.993
317,7572,139.994
317,1508,105.154
318,6738,146.15500000000003
318,8052,139.762
318,317,106.63199999999999
319,7406,73.133
319,8157,99.972
319,7217,19.649
320,9480,127.09199999999998
320,1157,177.207
320,321,62.541999999999994
321,322,79.375
321,9480,122.231
321,9477,167.418
321,320,62.542
322,323,81.786
322,321,79.375
322,5280,159.676
322,1158,168.403
323,233,6.761
323,322,81.786
323,5376,271.20500000000004
323,2727,70.48100000000001
324,381,8.291
324,325,38.379000000000005
325,2733,69.179
326,378,11.471
326,4564,26.021
327,459,11.04
327,3410,67.808
327,461,93.305
328,290,30.054
328,6835,29.796999999999997
329,4517,209.63599999999997
329,8965,96.209
329,459,83.558
330,6722,10.514
331,7631,120.349
331,1852,121.751
331,3873,37.517
331,6192,210.416
331,7627,82.673
332,6149,100.331
332,7376,14.114
332,353,132.44600000000003
333,1941,107.614
333,4856,147.72899999999998
333,399,53.166
334,335,44.534
334,1941,12.491
334,1192,409.847
335,4911,51.562
335,336,58.651
335,334,44.534
336,6474,82.363
336,4228,68.432
336,337,76.263
336,335,58.651
337,5612,137.121
337,338,87.469
337,336,76.263
338,5613,77.102
338,337,87.469
338,7309,304.071
338,5614,105.239
339,2904,207.477
339,6406,207.93400000000003
339,5769,40.727000000000004
339,1633,94.48299999999999
340,8320,125.83800000000001
341,1404,313.25100000000003
342,343,207.611
342,577,208.20100000000002
342,1636,94.57300000000001
342,5771,40.655
343,1637,94.595
343,342,207.611
343,5772,40.638000000000005
343,3699,207.901
344,8914,67.51799999999999
344,345,106.186
345,25,29.57
345,8056,343.447
346,3938,10.33
346,4152,112.955
346,3944,106.85499999999999
347,3939,10.109
347,346,77.512
347,4154,133.20700000000002
348,1058,159.482
348,4945,95.357
348,1624,93.826
349,8273,178.74599999999998
349,3076,97.994
349,350,178.608
349,5982,96.401
350,351,177.233
350,349,178.60800000000003
350,5984,95.409
351,350,177.233
351,352,90.15899999999999
351,3078,98.479
351,5987,96.00200000000001
352,5990,95.72999999999999
352,1793,99.326
352,351,90.159
353,3593,29.262
353,6149,21.508000000000003
353,332,132.44600000000003
354,8119,175.32100000000003
354,355,168.057
354,8562,63.141
355,8120,35.236000000000004
355,3486,127.054
355,354,168.057
355,3976,60.049
356,753,176.652
356,899,128.973
356,1001,109.79700000000001
357,7325,43.055
358,4972,1.171
358,359,195.716
358,2831,92.08200000000001
359,1415,13.438
359,1413,76.24900000000001
360,371,470.912
360,4894,66.074
360,1578,372.677
361,362,17.167
361,8309,101.28199999999998
361,85,94.348
362,361,17.167
362,1620,103.469
362,1561,203.62699999999998
363,5214,83.63
363,5284,202.945
363,9195,145.61799999999997
363,1685,87.145
364,3509,70.11
364,365,75.785
364,523,80.28800000000001
365,364,75.785
366,367,6.411
367,369,133.098
367,366,6.411
367,4390,54.079
367,9535,54.788000000000004
368,6353,29.333000000000002
368,7622,43.648
369,367,133.098
369,621,54.471
369,620,54.762
369,370,154.34699999999998
370,369,154.34699999999998
370,1366,53.262
370,1365,56.585
370,372,84.887
371,1578,66.769
371,8768,126.171
371,360,470.912
372,5767,122.162
372,3920,69.537
372,370,84.88699999999999
373,1122,57.095
373,4146,23.533
373,3920,46.686
374,715,230.771
374,7988,27.991
374,4146,80.384
375,376,78.645
375,7988,52.282
375,6148,300.727
376,377,108.308
376,375,78.645
376,3205,57.009
376,4748,58.586
377,380,70.298
377,376,108.308
377,4750,59.295
378,379,12.75
378,3107,144.113
379,2733,11.081
379,381,102.981
380,377,70.298
381,383,9.557
381,965,131.237
382,7680,10.626
382,7393,51.595
383,2724,8.169
383,233,35.223
384,4073,22.068
384,4630,35.968
385,386,231.892
385,1395,79.566
385,3212,35.956
386,1396,60.503
386,9078,12.384
386,388,112.45299999999999
386,385,231.89200000000002
387,95,24.832
387,1142,215.663
387,6001,71.78
388,389,82.317
388,386,112.453
388,1397,58.903000000000006
388,1619,168.343
389,388,82.317
389,1621,189.43200000000002
389,4322,142.59499999999997
390,6211,128.529
391,2838,38.222
391,9254,74.166
391,107,83.498
391,9113,66.349
392,394,17.477
392,6700,62.944
393,395,27.879
393,9364,73.103
394,392,17.477
394,6883,150.57400000000004
394,8379,84.79599999999999
394,3220,255.808
395,393,27.879
395,2094,64.286
395,2230,77.03399999999999
396,4894,92.501
397,402,228.539
397,1012,476.95899999999995
397,4975,73.721
398,1338,199.014
398,1912,82.337
398,1310,84.389
398,1315,291.49199999999996
399,2358,115.988
399,7304,78.945
399,333,53.166
400,7304,82.44
400,4859,202.597
400,2113,201.708
400,401,82.43
401,7162,81.8
401,400,82.43
401,4863,201.91899999999998
401,3636,201.621
402,4946,77.2
402,404,196.04500000000002
402,8605,50.290000000000006
403,4865,202.202
403,3129,201.729
403,406,83.453
403,7162,82.50999999999999
404,1839,78.432
404,405,196.667
404,1840,79.807
405,4947,79.629
405,7201,80.016
405,407,197.111
405,404,196.667
406,403,83.453
406,1931,201.93
406,4867,201.85399999999998
406,408,80.93999999999998
407,999,15.392
407,405,197.111
407,4947,276.185
408,4869,202.025
408,7404,201.983
408,5440,82.144
408,406,80.93999999999998
409,4872,201.68800000000002
409,5289,202.005
409,411,81.74900000000001
409,5440,82.91300000000001
410,2913,83.081
411,6360,177.456
411,412,82.655
411,6356,201.998
411,409,81.749
412,5994,151.21
412,8548,81.836
412,411,82.655
412,5993,202.22099999999998
413,414,241.588
413,125,77.654
414,413,241.588
414,750,38.242000000000004
414,6951,166.90500000000003
415,879,214.37699999999998
415,7393,701.81
415,657,760.8820000000001
416,7514,136.08
417,8174,172.62499999999997
417,423,86.432
417,3849,20.305
418,2399,149.501
419,8483,71.918
419,8486,13.282
419,429,294.23900000000003
420,3675,99.028
420,422,9.176
421,503,99.096
421,8819,9.324000000000002
422,8893,139.662
422,421,9.158999999999999
423,3861,191.65
423,427,78.11500000000001
423,417,86.432
424,2744,108.872
424,7876,35.459
425,7876,21.392
425,1494,200.604
425,424,25.490000000000002
426,2285,44.95
426,963,70.95
427,428,98.25
427,3850,125.799
427,423,78.11500000000001
427,3863,207.756
428,427,98.25
428,3608,98.979
428,3864,207.89100000000002
428,3851,207.271
429,8486,15.002
429,8488,69.331
429,419,294.23900000000003
430,665,207.762
430,6864,94.065
430,6269,87.959
430,3852,307.417
431,7876,73.351
431,2230,49.233999999999995
431,8062,101.185
431,5782,42.233000000000004
432,2230,26.475
432,5782,8.293
432,434,34.541
433,2116,45.111000000000004
434,393,79.71
434,432,34.541
434,9363,73.20500000000001
435,3857,207.338
435,3865,207.65
435,439,94.347
435,2479,90.52400000000002
436,464,23.947
436,9101,80.018
436,3779,134.964
436,9057,60.027
437,2387,133.551
437,441,33.082
437,9363,73.589
438,852,31.924000000000003
438,8986,28.243
439,435,94.347
439,442,94.277
439,3860,207.138
439,3349,207.605
440,6689,13.415
440,214,105.122
440,3050,139.72199999999998
441,1894,131.022
441,446,32.542
441,437,33.081999999999994
442,924,207.549
442,6980,94.408
442,4816,206.949
442,439,94.277
443,5947,93.366
443,7051,37.858
443,859,34.04
444,7051,35.281
444,5954,75.384
445,4544,110.12200000000001
446,1046,37.697
446,1044,132.97
446,441,32.542
447,448,95.315
447,3869,207.536
447,8340,200.303
447,4723,39.525999999999996
448,3887,166.937
448,3868,207.208
448,447,95.315
448,7666,92.432
449,4551,35.235
450,655,207.507
450,6849,94.271
450,3894,207.652
450,453,94.201
451,513,61.03699999999999
451,483,43.159000000000006
452,959,99.422
452,2719,242.16000000000003
452,7295,207.699
453,3895,207.698
453,2992,207.498
453,455,94.352
453,450,94.201
454,4131,160.57
454,522,64.506
454,3590,78.599
455,943,207.497
455,7027,94.298
455,453,94.352
456,3902,207.809
456,3871,207.486
456,460,94.509
456,6914,94.39500000000001
457,2782,130.615
458,7051,35.736
458,1701,156.292
458,444,32.063
459,327,11.04
459,2460,209.61100000000002
459,329,83.55799999999999
460,3872,207.485
460,456,94.509
460,3903,207.841
460,877,94.008
461,3439,95.724
461,661,209.61
461,327,93.30499999999999
462,2117,116.58099999999997
462,1607,110.09700000000001
463,466,108.9
463,485,99.77199999999999
463,480,24.871
464,436,23.947
464,908,79.585
464,3783,153.14599999999996
464,9057,60.402
465,5158,38.047
466,468,128.442
466,463,108.9
466,478,96.337
467,7317,142.889
468,466,128.442
468,5240,146.78300000000002
468,8835,95.35
468,3316,101.64200000000001
469,4991,14.733999999999998
469,471,19.524
470,7566,69.336
471,472,64.33
471,469,19.524
471,8465,275.89199999999994
472,471,64.33
473,1889,165.784
473,2933,140.698
473,1848,47.98199999999999
473,1489,106.253
474,1520,31.740000000000002
475,478,26.035
476,6430,64.749
477,8688,180.007
478,475,26.035
478,485,54.197
478,466,96.33699999999999
479,7194,100.944
479,8711,201.43200000000002
480,463,24.871
481,6788,104.965
481,479,146.35399999999998
482,543,52.912
482,481,72.955
483,7499,119.64599999999999
483,487,138.28199999999998
483,451,43.159000000000006
484,482,73.507
484,3520,105.145
485,486,26.536
485,478,54.197
485,463,99.77199999999999
486,485,26.536
487,8355,270.22299999999996
487,483,138.282
487,518,175.01299999999998
488,484,146.501
488,4207,105.101
489,6032,104.97800000000001
489,488,145.744
489,6028,109.551
490,8863,15.213
490,2021,106.3
490,8075,78.194
491,6691,13.387
491,3528,106.546
492,3011,51.944
492,491,139.71800000000002
493,6405,105.054
493,174,279.78100000000006
494,7100,146.43800000000002
494,7645,105.019
494,3529,105.12
495,2691,318.33000000000004
496,5052,104.98899999999999
496,3530,104.786
496,4143,146.242
497,496,146.46800000000002
497,8774,52.778
497,8773,104.62
498,3519,111.936
498,9276,145.85400000000004
498,2123,92.85999999999999
499,612,104.95599999999999
499,497,74.364
500,499,70.003
500,9541,104.93099999999998
501,8893,104.701
501,8895,108.381
501,503,145.551
501,8129,146.29999999999998
502,8339,197.999
502,410,88.378
503,505,147.179
503,421,99.096
503,501,145.551
503,8822,107.779
504,5985,67.031
504,2250,160.247
504,518,551.3919999999999
505,1783,107.616
505,1782,105.251
505,503,147.179
505,7688,147.712
506,7688,7.504
506,3679,209.983
506,508,80.81
507,2147,14.786
507,6898,175.257
508,9545,79.404
508,3782,107.769
508,506,80.81
509,512,107.848
509,9545,78.362
509,510,78.798
510,511,78.88
510,1532,102.473
510,509,78.798
511,510,78.88
511,1531,101.755
511,5938,78.798
512,509,107.848
512,5625,7.164
512,3241,78.801
513,3539,160.768
513,522,60.637
513,451,61.037
514,5938,85.083
514,2142,108.999
514,2144,124.376
515,104,20.516
515,123,49.532
516,517,21.53
516,2227,180.51500000000001
517,516,21.53
517,4987,25.88
518,1790,20.979
518,487,175.01299999999998
518,504,551.3919999999999
519,525,32.242
519,520,38.818
520,8248,8.114
520,525,26.646
521,5074,164.276
521,2417,63.772
521,2416,122.22299999999998
522,454,64.506
522,513,60.637
523,5071,144.28
523,364,80.28800000000001
523,6640,63.966
524,526,75.317
525,1961,48.392
526,524,75.317
526,4912,383.24299999999994
526,291,118.274
527,5067,40.617
528,1046,47.857
528,527,190.12900000000002
529,2152,24.329
529,7115,83.895
529,4551,20.547
530,2759,103.75
530,6747,146.14499999999998
531,2292,39.746
532,527,142.308
532,761,63.042
532,757,41.824
533,7170,144.038
533,3021,18.764
533,5683,65.835
534,7816,97.944
534,767,74.549
534,540,74.884
535,39,193.23300000000003
535,7148,108.50900000000001
535,6793,108.785
536,6663,177.862
536,2987,95.985
536,2914,96.99900000000001
537,4156,324.118
537,2465,93.375
538,5313,196.973
539,9352,10.341
539,2465,83.19200000000001
540,9110,123.463
540,768,74.003
540,534,74.884
541,561,178.806
541,890,59.801
542,7518,101.048
543,482,52.912
544,545,34.94
544,892,9.075
544,3522,20.259
545,544,34.94
546,1805,96.495
547,6665,95.891
547,7173,82.641
547,2995,178.18699999999998
547,2990,178.363
548,6249,105.08699999999999
548,1147,106.179
548,7531,141.54700000000003
548,1776,151.463
549,1468,115.22
550,2927,10.689
550,4672,56.817
550,9355,109.386
551,4673,54.205000000000005
551,4182,179.278
551,7174,82.47999999999999
551,6669,96.54599999999999
552,3350,10.296
552,2551,100.97300000000001
552,553,106.91499999999999
553,7784,141.316
553,554,91.336
553,552,106.91499999999999
554,557,91.21
554,3135,146.775
554,553,91.336
555,4862,141.557
555,2209,6.461
555,4656,170.31400000000002
556,562,181.791
556,2821,183.46300000000002
556,8106,102.428
556,1534,90.33800000000001
557,558,91.283
557,554,91.21
557,3137,146.899
558,560,91.443
558,557,91.283
558,3139,146.72200000000004
559,7835,178.555
559,888,96.019
560,563,87.125
560,558,91.443
560,3140,146.68
561,7190,65.627
562,561,31.122
562,556,181.79099999999997
563,7074,83.906
563,560,87.125
563,2142,271.176
563,3136,146.72099999999998
564,7953,42.234
564,565,33.933
565,2732,35.57
565,7432,33.714
565,7431,32.214
565,564,33.933
566,7431,31.21
566,7851,248.511
566,8864,36.363
567,4431,111.855
567,569,88.134
567,8864,77.167
568,1749,67.733
569,570,98.553
569,3143,206.67000000000002
569,567,88.134
569,2415,149.954
570,3829,94.291
570,3147,207.404
570,569,98.553
570,5100,208.29500000000002
571,2693,208.384
571,3808,94.467
571,3829,94.458
571,3145,207.436
572,574,94.308
572,8429,94.194
572,2107,208.316
572,3153,207.492
573,593,100.31200000000001
573,4503,53.62599999999999
574,7195,94.397
574,572,94.308
574,2694,208.309
574,3152,207.51000000000002
575,576,94.132
575,7195,94.107
575,2695,208.256
575,3154,207.55399999999997
576,2696,208.239
576,3164,207.571
576,1634,94.414
576,575,94.132
577,342,208.20100000000002
577,3163,207.567
577,5774,40.689
577,1634,94.53800000000001
578,5774,12.404
578,7044,208.181
578,579,40.926
579,2697,208.17
579,580,98.772
579,578,40.926
579,3157,207.55700000000002
580,581,98.984
580,579,98.772
580,2698,208.149
580,3158,207.548
581,582,94.186
581,580,98.984
581,3617,208.128
581,3160,207.526
582,583,94.406
582,581,94.186
582,6871,208.106
582,3162,207.504
583,668,208.093
583,584,94.266
583,582,94.406
583,3171,207.48200000000003
584,2541,208.073
584,585,94.124
584,583,94.266
584,3168,207.472
585,586,94.495
585,584,94.124
585,2699,208.049
585,3167,207.437
586,587,94.354
586,585,94.495
586,2700,208.031
586,3172,207.43
587,929,208.005
587,586,94.354
587,3173,207.414
587,588,94.257
588,6965,207.986
588,3175,207.40699999999998
588,6943,94.07199999999999
588,587,94.257
589,590,94.257
589,6943,94.406
589,816,207.94
589,3177,207.36
590,4444,207.928
590,3181,207.349
590,5541,94.249
590,589,94.257
591,592,94.328
591,9548,94.521
591,3260,207.863
591,3184,207.296
592,591,94.328
592,6492,207.839
592,3169,207.28199999999998
593,542,36.391999999999996
593,1207,42.286
593,573,100.31200000000001
594,147,94.196
594,7639,94.267
594,7833,207.774
594,3190,208.298
595,2701,207.762
595,3194,208.497
595,596,94.302
595,7639,94.302
596,2703,207.761
596,3191,208.518
596,6601,94.336
596,595,94.302
597,6840,207.8
597,3196,208.536
597,598,94.241
597,6601,94.444
598,652,207.82
598,3197,207.965
598,602,94.355
598,597,94.241
599,603,166.637
599,5447,312.60499999999996
599,9416,70.23700000000001
600,3314,9.853
601,1358,14.829
601,8028,23.07
601,4463,427.503
602,2704,207.765
602,3200,205.704
602,605,94.276
602,598,94.355
603,599,166.637
603,5457,69.341
603,1557,42.322
604,1697,169.071
604,9417,85.65100000000001
604,4574,85.41499999999999
604,5277,202.90200000000002
605,948,207.787
605,3170,208.822
605,606,94.25
605,602,94.276
606,6920,94.443
606,605,94.25
606,7037,207.824
606,3202,208.772
607,6920,94.179
607,8571,207.895
607,9382,214.02
607,608,94.32900000000001
608,2706,207.92
608,9402,214.135
608,609,94.233
608,607,94.32900000000001
609,862,105.51
609,858,214.26
609,610,94.24
609,608,94.233
610,4371,105.343
610,4370,214.383
610,611,94.259
610,609,94.24
611,610,94.259
611,7324,214.507
612,499,104.95599999999999
612,9541,71.09
613,2178,7.193
613,7268,141.198
614,5212,140.707
614,613,28.21
615,616,109.228
615,7171,13.925
615,2585,54.644999999999996
616,9512,88.054
616,2586,54.798
616,2542,54.877
617,618,149.617
618,623,204.089
618,617,149.61700000000002
618,7122,79.59199999999998
618,7120,78.47500000000001
619,620,54.833
619,5485,13.241
619,5765,147.098
620,1365,150.559
620,9535,132.963
620,369,54.762
620,619,54.833
621,9183,52.973
621,369,54.471
621,1366,157.15
622,625,56.586
622,9183,54.603
622,1367,164.512
623,624,199.37
623,2593,79.15
623,618,204.089
623,7785,78.69200000000001
624,7677,195.99
624,623,199.37
624,4448,79.264
624,8393,79.238
625,8763,133.617
625,2848,53.519
625,622,56.586
625,1369,155.843
626,7677,221.733
626,627,15.217
626,4447,79.408
627,4466,63.452
627,626,15.217
627,988,180.831
628,215,94.006
628,7846,18.515
629,3013,16.195999999999998
629,3049,136.19400000000002
630,632,93.91799999999998
630,991,230.56999999999996
630,2717,89.96799999999999
630,2337,149.077
631,3486,14.647
631,2256,135.127
631,9482,30.509999999999998
632,630,93.918
632,673,37.524
632,733,32.539
633,1903,110.92
633,1380,81.41799999999999
633,5523,144.645
634,8035,79.608
634,2708,55.867999999999995
634,5621,268.083
635,6539,10.161
635,5680,142.226
635,5182,82.59400000000001
636,9384,92.14099999999999
636,7633,30.355
637,6547,10.439
637,8254,178.038
637,5634,81.334
638,6559,9.457
638,639,74.138
639,6566,9.334
639,5636,79.87899999999999
639,640,177.926
640,3791,31.903
640,6570,10.766
640,5637,80.09299999999999
641,8594,52.418
641,642,146.38400000000001
641,139,42.32900000000001
642,8595,52.142
642,140,42.568999999999996
642,641,146.384
643,3791,10.288
643,6570,32.175
643,1710,83.52600000000001
644,5288,48.885000000000005
644,97,38.265
645,5448,38.187
645,2360,39.432
645,9486,150.80200000000002
645,1006,51.578
646,3142,150.10299999999998
646,1706,87.551
646,648,145.039
646,8795,142.762
647,3462,204.534
647,6833,94.54
647,2632,207.797
647,2980,94.311
648,1528,88.06800000000001
648,646,145.039
648,650,144.301
648,4655,258.074
649,2982,94.307
649,6834,94.5
649,5914,207.664
649,2632,207.741
650,2209,82.546
650,648,144.301
650,2812,87.953
650,4860,141.637
651,2528,207.809
651,1456,94.372
651,1454,94.164
652,653,207.91
652,598,207.82
652,6840,94.288
652,2704,94.346
653,652,207.91
653,3000,94.351
653,6842,94.315
653,1445,207.98700000000002
654,655,207.897
654,6276,207.553
654,6845,94.293
654,2993,94.24000000000001
655,450,207.507
655,2992,94.225
655,6847,94.287
655,654,207.897
656,2991,94.195
656,6850,94.222
656,3894,205.904
656,158,87.91199999999999
657,5318,86.663
657,415,760.8820000000004
657,1747,257.29600000000005
658,4685,10.934
658,643,143.98600000000002
658,4394,83.407
659,4539,39.964
660,7312,21.292
661,8757,200.68
661,461,209.61
661,6852,94.319
661,6248,93.465
662,6857,94.27
662,5873,207.583
662,6252,85.017
662,1312,201.723
663,1066,207.695
663,5646,207.884
663,207,85.179
663,6859,94.161
664,6267,85.131
664,6861,94.097
664,665,207.71699999999998
664,6223,207.439
665,6865,94.083
665,430,207.762
665,6268,87.848
665,664,207.71699999999998
666,4346,68.719
667,2539,94.357
667,6869,94.374
667,5544,207.292
667,6414,208.071
668,670,207.714
668,583,208.093
668,2541,94.223
668,6871,94.434
669,2702,51.4
670,6022,208.049
670,668,207.714
670,2543,94.173
670,6875,94.455
671,674,294.543
671,1323,102.04999999999998
671,7013,50.824
672,8095,104.988
672,3026,146.603
673,5739,34.453
673,5738,7.232
673,632,37.524
674,678,88.42
675,2900,23.896
675,6568,105.252
676,680,141.371
676,5886,100.74000000000001
677,8012,105.309
677,672,146.31
678,681,179.485
678,674,88.42
679,9078,62.926
679,733,195.909
679,5738,216.442
680,828,146.509
680,676,141.371
680,9001,100.753
680,9050,103.33999999999999
681,1252,109.08000000000001
681,5009,214.20499999999998
681,678,179.485
682,7515,274.254
682,4771,37.847
682,4794,42.067
683,684,81.841
683,5060,189.12000000000003
683,1701,78.163
683,5870,123.603
684,683,81.841
684,5061,109.62700000000001
684,5958,140.719
685,1036,92.313
686,2437,216.44300000000004
686,928,83.28099999999999
686,1783,64.204
687,5957,13.295
687,5955,91.955
687,9485,69.413
688,687,87.652
688,5960,13.172
688,2459,112.977
689,5819,13.276
689,688,54.253
690,5966,13.15
690,9247,74.916
690,2019,192.156
691,5968,13.36
691,690,74.422
692,5971,13.13
692,9205,58.087999999999994
692,2827,190.678
693,5974,13.554
693,6062,48.113
693,2020,192.206
694,5975,13.123
694,693,85.806
694,5154,87.404
695,5731,13.116
695,694,178.814
695,5727,86.65
696,5977,13.098
696,2150,192.069
696,695,88.822
697,5979,13.093
697,696,88.666
697,3291,191.305
698,5980,13.088
698,2187,192.353
698,697,88.911
699,5981,13.076
699,8272,98.096
699,698,89.258
700,5982,13.067
700,3492,89.803
700,5431,96.872
701,5984,13.044
701,700,178.41400000000002
701,5432,96.64900000000002
702,701,177.5
702,5987,13.032
702,4420,97.06
703,704,88.309
703,4196,13.015
703,4195,97.94800000000001
704,702,90.138
704,5990,13.024
705,706,89.457
705,5998,13.001
705,4258,98.033
706,5995,13.016
706,703,89.915
707,6006,13.023
707,708,89.98200000000001
707,3311,192.70800000000003
708,6002,12.987
708,2514,146.25400000000002
708,705,88.231
709,6014,13.07
709,710,89.402
709,2136,193.84599999999998
710,6011,13.061
710,2241,193.62900000000002
710,707,89.31299999999999
711,6026,13.113
711,712,88.198
711,2279,140.394
712,6019,13.087
712,709,88.789
712,8313,173.204
713,6682,13.618
713,8941,99.11099999999999
714,6027,13.313
714,711,90.381
714,7911,105.522
715,374,230.771
715,4144,90.83999999999999
715,716,81.927
716,6148,41.697
716,715,81.927
716,718,88.402
717,4148,161.16699999999994
718,8626,236.318
718,716,88.402
718,4140,81.97200000000001
719,1835,64.23899999999999
720,1823,190.734
720,4140,42.254999999999995
720,7671,29.842
721,1660,224.157
721,3499,310.94500000000005
722,6198,181.089
722,5619,14.177
723,793,16.456
723,724,118.807
723,7015,27.975
724,1899,91.208
724,723,118.807
724,725,105.993
725,1535,110.32800000000002
725,724,105.993
725,731,519.5219999999999
726,9360,11.952
726,8583,168.27999999999997
726,6749,176.80999999999997
727,3245,63.397
727,728,94.274
727,4118,177.49
727,9505,90.066
728,3244,11.322
728,5759,6.571
728,727,94.27400000000002
729,730,14.196
729,6900,251.148
729,4573,56.57899999999999
730,729,14.196
730,5066,85.215
731,3571,65.92399999999999
731,725,519.522
731,3561,59.198
732,3208,7.726
732,3209,28.943
732,2429,138.136
733,3212,36.958
733,679,195.909
733,632,32.539
734,2102,90.55600000000001
734,6635,455.509
734,736,56.473
735,1898,29.146
736,2266,270.961
736,5378,317.572
736,734,56.473000000000006
736,2102,94.491
737,5093,10.397
737,1061,25.009999999999998
738,9073,80.164
738,9023,100.697
739,4392,15.885000000000002
739,740,20.122999999999998
739,4419,188.78300000000002
740,5736,110.27700000000002
740,4941,56.517999999999994
740,739,20.122999999999998
741,3121,44.809
741,2135,36.463
742,3179,64.222
742,2424,60.123
743,745,9.499
743,6778,50.53399999999999
743,72,123.03399999999999
744,743,9.619
744,65,153.748
745,744,7.553
745,3264,101.518
746,748,117.321
746,2688,38.612
747,3626,85.31200000000001
747,6732,403.49499999999995
747,2256,97.467
747,1293,188.14099999999996
748,5540,31.479999999999997
748,9099,12.003
749,5575,29.898000000000003
749,1162,102.69900000000001
749,8212,36.265
749,8210,22.406
750,414,38.242000000000004
750,4719,35.666
750,1162,100.56299999999999
751,180,23.184
751,181,30.207
751,9021,99.429
752,5828,177.576
752,5826,209.443
752,754,79.939
752,267,61.385
753,356,176.652
753,756,67.265
753,3619,98.521
754,2167,170.328
754,6597,211.109
754,755,81.77000000000001
754,752,79.939
755,1906,41.546
755,2192,179.981
755,935,213.15800000000002
755,754,81.77000000000001
756,3976,263.41999999999996
756,105,34.451
756,753,67.265
757,105,26.785
757,532,41.824
758,6390,141.791
758,759,77.605
758,7522,77.411
758,4925,213.381
759,6387,145.024
759,4924,213.281
759,760,77.482
759,758,77.605
760,6392,148.26
760,6388,213.253
760,762,77.755
760,759,77.482
761,763,46.837
761,1892,226.393
761,532,63.041999999999994
761,2602,201.659
762,765,77.455
762,760,77.755
762,2402,213.214
762,2405,151.497
763,1894,217.714
763,8326,97.02299999999998
763,761,46.837
764,9357,136.67800000000003
765,6830,153.936
765,766,77.473
765,762,77.455
765,1696,213.18099999999998
766,2149,133.506
766,767,76.108
766,765,77.473
766,6826,213.14499999999998
767,534,74.549
767,766,76.108
767,6832,102.283
767,6822,213.389
768,6837,144.66
768,769,74.752
768,540,74.003
768,2188,196.32399999999998
769,3496,74.073
769,768,74.752
769,3502,330.334
769,2188,266.75800000000004
770,6554,188.779
770,6393,73.659
770,1053,616.6930000000001
770,4421,45.026
771,6651,13.939
771,4661,80.696
771,8259,178.436
772,1991,8.33
772,5294,63.543000000000006
772,3882,112.697
773,897,190.89799999999997
773,284,68.046
774,2018,8.331
774,7220,102.888
775,2019,8.341
775,774,180.12900000000002
775,7259,82.164
776,2827,8.593
776,127,89.702
776,2826,73.637
777,3285,8.333
777,776,178.22699999999998
777,5153,69.489
778,5721,8.04
778,5719,63.446
778,777,178.165
779,3291,8.332
779,778,178.359
779,3549,191.552
